1050.45807265801,0.347073829326753,0.114202265565912,0.249899404373233,0.288824500734102
2158.3640938286,0.558520660779406,0.0279805788595371,0.0308869427281351,0.382611817632922
1445.67564108188,0.519819428809829,0.00438132747122571,0.194135776792365,0.281663466926581
1157.65761631539,0.662097346524481,0.034404771991273,0.172072433252612,0.131425448231635
1131.21634158312,0.346463193114266,0.228201420489252,0.0749206432390828,0.350414743157399
551.448652722076,0.70241081240041,0.100162692284405,0.0154422066142434,0.181984288700942
1501.77251921777,0.633966683440461,0.190936605788658,0.0287063346485965,0.146390376122285
1189.57395858775,0.686988829205479,0.108148120741876,0.100908432439608,0.103954617613037
2133.10017899699,0.621922899018336,0.224286856061866,0.119151416381744,0.0346388285380542
1373.13695557102,0.288369156672662,0.195801378791544,0.264988941116049,0.250840523419744
1645.29929086389,0.353786859658832,0.422752167971337,0.0155473092925099,0.207913663077321
2442.6566710929,0.281357909646703,0.222535689218319,0.163599929352958,0.33250647178202
1576.15271791378,0.446892226585351,0.0954902446828197,0.0874043944743451,0.370213134257484
2274.60723246393,0.498639118808761,0.235534142592977,0.242861845530828,0.022964893067434
904.885488912526,0.477340191989334,0.0770073621571794,0.265171450189057,0.18048099566443
2161.04213257474,0.448163980631383,0.0968251618800683,0.201169147066081,0.253841710422467
2407.69703383107,0.311236948483289,0.274283370232798,0.112846552504,0.301633128779912
816.422412469406,0.392386946977796,0.2308014648588,0.158002275377873,0.218809312785531
2219.89521066108,0.422499845072548,0.41723558841661,0.0577555193554729,0.102509047155369
637.260399275038,0.405266130730159,0.28219235726596,0.154944010310779,0.157597501693102
2481.96079253142,0.296569378780022,0.0938285457742025,0.216261179012921,0.393340896432855
1941.31000411177,0.297644972405523,0.31190634232368,0.191669680387013,0.198779004883784
1599.8827259825,0.731272602148583,0.107217645985943,0.0847097131958842,0.0768000386695904
1704.03897370345,0.479857789357129,0.198064576211605,0.151860232825336,0.17021740160593
1223.95254613942,0.522332699757529,0.101761073666886,0.0489549525201772,0.326951274055408
2413.30235869983,0.427429632073751,0.266034053326661,0.11040193295174,0.196134381647848
1251.4109440298,0.276423076695467,0.598920199627951,0.116505837747712,0.00815088592887039
677.421560141144,0.641630504249716,0.0229916173920261,0.117782207887592,0.217595670470666
2458.9613288425,0.442962198922938,0.369015033738459,0.110914535376093,0.07710823196251
1491.4882320293,0.41013444793043,0.326405358330303,0.0945433318652395,0.168916861874027
2194.27940650731,0.309414621539921,0.395576025815294,0.110477895920434,0.184531456724351
1250.95939365516,0.613458693894035,0.00942562688081897,0.166864866161714,0.210250813063432
1950.33865869674,0.690558760024979,0.0618110361466399,0.0997497830933146,0.147880420735066
995.990111772472,0.422275647922418,0.259983263601994,0.242726636963363,0.0750144515122259
2195.7725248037,0.276383174109572,0.415407427710643,0.0146350016045523,0.293574396575232
1675.70830996218,0.439050598113847,0.256554338809829,0.26642564323797,0.0379694198383534
846.378856617287,0.418851910743387,0.255929432868336,0.258637377713795,0.0665812786744812
2282.98969495993,0.739107145589183,0.145824824395319,0.0152640992657665,0.0998039307497319
2255.92825012286,0.826756776076311,0.0306192722387548,0.141318770709091,0.00130518097584319
1103.50461097361,0.27166067262155,0.562565640204278,0.126474759926946,0.0392989272472266
1198.60026781547,0.46973360456223,0.129101837388163,0.237178989487229,0.163985568562378
1579.10388228757,0.54977939239818,0.214049191899119,0.234378460777424,0.00179295492527678
618.179376898017,0.348456463497244,0.489805639499289,0.149920953059537,0.0118169439439297
1172.72591502881,0.368729314155634,0.201373867174059,0.202192257213265,0.227704561457041
2012.86969119265,0.587063201744489,0.167478969724098,0.0337526360090753,0.211705192522338
1300.53511323743,0.522081916576085,0.134441645234787,0.14687462082389,0.196601817365238
1039.53617064332,0.404763172254936,0.264319013281109,0.0186011373886492,0.312316677075306
1980.18873260534,0.509896345448419,0.000228140709537441,0.0968336316864331,0.39304188215561
1247.50206473579,0.67362288151211,0.15683315526344,0.166272944928185,0.00327101829626554
548.081816824398,0.250640303571594,0.53562927186932,0.153412619347576,0.0603178052115089
1499.86036323242,0.736729966879415,0.209263504588557,0.0341427015672546,0.0198638269647734
583.945690658189,0.718708858421287,0.245602435837049,0.00894438472800933,0.0267443210136546
2194.63582464744,0.25167069173252,0.25689622285709,0.220088208234671,0.271344877175719
2218.75561400368,0.395804445825209,0.39524731045043,0.0548880510535845,0.154060192670777
806.289954428549,0.286432002223937,0.546769792437023,0.164726684321076,0.00207152101796402
2348.28477119417,0.539740713095938,0.170858269588007,0.267051649672733,0.0223493676433219
799.612436076773,0.566614962551211,0.379949784814171,0.0168653168737119,0.0365699357609067
1727.61856513272,0.632048506666467,0.229247519138011,0.0574576845174046,0.0812462896781175
855.903489538122,0.268034925332809,0.0837751086112337,0.282674977136746,0.365514988919211
539.020430585459,0.382123376670031,0.2005734387161,0.0875114751940479,0.329791709419821
903.621354503492,0.353649135147112,0.186093437084305,0.2229268683627,0.237330559405884
1730.84992278131,0.587254848682762,0.0198912471175102,0.261291028409665,0.131562875790063
514.613030202183,0.385779588857256,0.480702346184615,0.107785883623353,0.025732181334776
1373.21491049848,0.50276821422929,0.408730234237226,0.0588577424039776,0.0296438091295054
1594.18876425431,0.734620936702047,0.100101127451874,0.0658640541221522,0.0994138817239267
582.717475366636,0.364778606371771,0.120242163694199,0.170717095509101,0.34426213442493
780.722212798867,0.553846235480812,0.0748481831124845,0.221617846287732,0.149687735118972
1219.66790798876,0.291225179802115,0.367819497662641,0.294530671477494,0.0464246510577504
1082.52188027846,0.582585082789842,0.292526530071829,0.12363592955538,0.00125245758294876
920.578703880415,0.39533025916237,0.290457783424355,0.121182961701175,0.1930289957121
1478.05223140995,0.312518809435723,0.287765557079698,0.180702452349987,0.219013181134592
1818.5362741114,0.401698248489864,0.107887409464294,0.142310182673636,0.348104159372206
1791.91252376913,0.441182308655883,0.276774900400446,0.1811377622634,0.100905028680271
891.805317758173,0.732755425190534,0.0426253461872907,0.0939039972812477,0.130715231340928
1498.43914574432,0.479554388494919,0.204115357323506,0.279385383692453,0.0369448704891231
2137.08869891576,0.460031201079605,0.232204276558244,0.296080809979426,0.0116837123827242
1252.03501863161,0.481062277729675,0.0912029920475821,0.25316332856594,0.174571401656803
1248.29167124147,0.43840021233748,0.173107247539961,0.156094310714647,0.232398229407912
1828.45928141449,0.495439681234481,0.0467197691152228,0.109674274582825,0.348166275067471
1963.31929534315,0.303708365922758,0.455209075103351,0.161026686812654,0.0800558721612366
996.855852124108,0.593364498070671,0.0474046346634034,0.00297346584043073,0.356257401425495
1907.69110289697,0.475623153707899,0.133907030175982,0.0513542444239035,0.339115571692216
2008.27561778242,0.389530031491971,0.210804201172151,0.0632229834045535,0.336442783931325
957.690883794906,0.495364295016614,0.295887457943021,0.177046831353386,0.0317014156869788
2407.0519365515,0.649236421357685,0.137218985078349,0.113781451347185,0.0997631422167811
658.230481180476,0.410698906322035,0.291593006942264,0.105068315104431,0.19263977163127
1765.72419679028,0.335145306829955,0.305443035412063,0.135484137788516,0.223927519969465
2179.96071846875,0.584081262931611,0.0384902456357136,0.120252282716082,0.257176208716594
2073.96601844767,0.314328674377825,0.5787618655051,0.0999409897070031,0.006968470410072
1613.93150741007,0.637097867994862,0.00402594998270465,0.0269039688863593,0.331972213136074
2308.90088101158,0.445701702922838,0.212580581940782,0.228870543810301,0.112847171326079
1326.92746512871,0.515667708321919,0.128902916337803,0.159933626080079,0.195495749260199
1002.56654519595,0.552585240427575,0.158876547632153,0.104051678508246,0.184486533432026
1829.97637482305,0.714416850421353,0.0295175119508692,0.178100850933113,0.0779647866946645
1376.79153968681,0.560306707377019,0.115522270070629,0.247598925379746,0.0765720971726062
763.245510630584,0.295462327829085,0.397003079536791,0.290803016043306,0.0167315765908178
859.602150803806,0.548401356999953,0.11249460306676,0.135674976285574,0.203429063647713
1906.41890586211,0.350939655111332,0.159500477856915,0.101463487953462,0.388096379078292
1346.49227630778,0.339152456118672,0.266498526199854,0.164271847427894,0.230077170253581
1567.54869899902,0.716103255033596,0.0665921893806479,0.115974105097718,0.101330450488038
1699.07011800165,0.491617727409829,0.0211533415014502,0.141181232469884,0.346047698618837
1714.61187683579,0.412742677884674,0.283351519148767,0.137696573092698,0.166209229873861
1330.13979187518,0.301064494062787,0.217441487201833,0.204307665354096,0.277186353381284
1328.13783813295,0.386863526949246,0.208482356363386,0.248859939088926,0.155794177598441
985.212220278115,0.453336043121394,0.341081040864356,0.101161877935937,0.104421038078313
2456.11710908384,0.350390688486601,0.35028051845753,0.0704674775338656,0.228861315522003
587.152073330351,0.314131815425784,0.564750506327493,0.104061011038657,0.017056667208066
1091.49363181396,0.420744628307571,0.139608759780679,0.234109731852865,0.205536880058885
1761.60507968052,0.554792602630023,0.0746749340105898,0.249925059431783,0.120607403927604
927.495388747416,0.502800544377156,0.338166243630596,0.0415737637948102,0.117459448197438
1275.57417814311,0.620835693319913,0.267020935109734,0.0819517847676835,0.0301915868026693
2389.07217101493,0.27887359703599,0.174485313289752,0.208366213209491,0.338274876464767
684.250561614075,0.474842436992829,0.205332521594376,0.232390300159494,0.0874347412533005
1251.37624725387,0.51831608248089,0.0727699140575702,0.210597683322775,0.198316320138765
1403.04844902927,0.260703866516784,0.294406844184963,0.238728554246964,0.206160735051288
1681.73828779963,0.464674451619759,0.32259092583037,0.123143272859663,0.0895913496902085
1507.78163136396,0.68536694605682,0.135157038669297,0.0031841365781227,0.176291878695761
709.233732594542,0.464170416204392,0.0655539478680603,0.115354112384494,0.354921523543054
1149.61117704052,0.398293238041103,0.467033998203761,0.011559344518887,0.12311341923625
1581.99679295842,0.326733725463293,0.507355418559902,0.122095460621975,0.0438153953548299
1202.13854815421,0.45889434919159,0.426904923541353,0.0114537115479759,0.102747015719081
1803.23769053427,0.782892526467058,0.163510798332489,0.0103163148467208,0.0432803603537318
1836.83479364673,0.404050543589708,0.0830837391865582,0.17873411390161,0.334131603322124
2042.18822201895,0.250167398506867,0.546130901267599,0.120248701689322,0.0834529985362113
977.26096546975,0.348208398990654,0.392370591944468,0.2141479776679,0.0452730313969778
1538.38798308846,0.505237546821009,0.0358304791164338,0.127477484390128,0.33145448967243
659.964882334541,0.341405718932659,0.374027056847958,0.0320285473084393,0.252538676910944
633.039841676478,0.439347491992511,0.397993103246509,0.140686740887562,0.0219726638734192
1369.2863741231,0.434305987571222,0.0701861404516755,0.250768385965055,0.244739486012047
1592.26640694199,0.455988345208361,0.185059228970307,0.0333936073804846,0.325558818440847
2158.74609889142,0.283152348527907,0.399467862607221,0.276406431515932,0.0409733573489394
1017.15261727788,0.297416449132565,0.174928995229438,0.294367258060262,0.233287297577735
1641.97095615712,0.661614414809884,0.220240657278404,0.0321724456140516,0.0859724822976597
646.677001895242,0.677712097104534,0.134117051100577,0.0561990574386092,0.13197179435628
1746.5720116299,0.412489643891108,0.221662210429494,0.270419435637511,0.0954287100418867
1632.71756817639,0.374976365127,0.422371677589298,0.100112421664265,0.102539535619437
1912.23162530654,0.438475893068354,0.175526080919617,0.234474909432708,0.151523116579322
517.394211846413,0.670391630209445,0.0127714164576029,0.119944091207559,0.196892862125394
929.53295990035,0.626637348425293,0.142373845447749,0.191066514285347,0.0399222918416113
634.823312490123,0.420675506760585,0.129444463353886,0.143353355957599,0.30652667392793
1518.6286393832,0.262964218725114,0.497438184523514,0.0661675146207327,0.173430082130639
1125.79455328183,0.360156380845135,0.436679843935115,0.162612206597133,0.0405515686226174
2409.10705463821,0.594979023952091,0.262820278764208,0.0650856268424837,0.0771150704412177
1423.05817603669,0.276328416630417,0.282023064814412,0.104060177172095,0.337588341383077
732.463553770579,0.387636230689935,0.0490448694180196,0.250648888643838,0.312670011248207
1386.42077537651,0.286668482532034,0.469605845412882,0.130113730744889,0.113611941310196
683.089300333224,0.660730184806383,0.007327717269921,0.218520477254853,0.113421620668844
1860.31401151267,0.343520902124038,0.337975640742643,0.0972342263406687,0.22126923079265
1427.70414870024,0.321718768344109,0.215034380854545,0.24077789788292,0.222468952918426
1249.99619320358,0.373410344907571,0.278007817561285,0.0874762162554875,0.261105621275657
939.302702503376,0.364885242011919,0.364723726863802,0.202836002211677,0.0675550289126012
536.460554893048,0.37480602343222,0.0726762234753847,0.252004163582012,0.300513589510383
1194.86943154218,0.40787935720137,0.060197160066368,0.258518349301504,0.273405133430759
1372.50376946074,0.534082275808365,0.372938618278206,0.0625677236965225,0.0304113822169065
1271.24820535452,0.370183811066699,0.267813251840005,0.0878371120300325,0.274165825063263
1375.63475533132,0.498718877878874,0.304188267237478,0.0976599572501248,0.0994328976335223
1887.57423566804,0.302884968255607,0.409652245612522,0.0204783584509488,0.266984427680922
2396.73963317832,0.657257488867206,0.119891139085411,0.206373779030891,0.0164775930164923
2126.83634539717,0.734275617900472,0.129028718671483,0.128230460289141,0.00846520313890347
803.184338820209,0.423475395089199,0.553333245420223,0.0209433517342454,0.00224800775633237
1720.97934573883,0.29154159874344,0.0527251407232054,0.291798503375164,0.36393475715819
1425.26012483867,0.573622811753504,0.263585873111058,0.0384198709625049,0.124371444172933
2325.2744714526,0.351566116885657,0.351724126233629,0.21131606985959,0.0853936870211247
1549.78595685121,0.666753521699584,0.0377831901771267,0.155476070314196,0.139987217809093
888.032634222958,0.431759013814772,0.04281204694246,0.148175780656842,0.377253158585926
1025.74658119768,0.292468361814322,0.568919417675166,0.0405079623220649,0.0981042581884477
2118.93196505308,0.662011917000636,0.0711106512198652,0.196688206690089,0.0701892250894105
860.308485019123,0.407773989885276,0.204141622838017,0.184729611321448,0.203354775955259
1093.68949524599,0.503502372808186,0.300929152089517,0.126718792111383,0.0688496829909139
2478.50230169897,0.341371320152711,0.414006991633529,0.111237403577015,0.133384284636744
2267.19966701067,0.498151781878197,0.179959136531883,0.160035132463094,0.161853949126827
1065.36754536516,0.541756304207834,0.135871115828413,0.148618749548397,0.173753830415356
1125.53033735163,0.3250812904827,0.25534142597026,0.183868186630764,0.235709096916276
1568.32931839491,0.2906339564844,0.282908303417316,0.278253421638485,0.148204318459798
1859.16153147668,0.291619059234126,0.350549653941628,0.0132471779878655,0.34458410883638
1059.36495572174,0.49777654432325,0.125848687239605,0.173361503457029,0.203013264980116
730.669483947024,0.432955404972522,0.24672346802978,0.155266903939796,0.165054223057902
1838.37603651233,0.562981278846155,0.00661847339239574,0.192404188945692,0.237996058815757
2060.41363197073,0.26835508972733,0.401580687765124,0.0334297253158173,0.296634497191729
1278.2666820456,0.818181496652715,0.10927976418588,0.00883965073814412,0.0636990884232611
1129.8140140448,0.289653539117676,0.280791984911571,0.22561471866407,0.203939757306684
2330.38083358973,0.710334161693007,0.136101400201413,0.123604848008087,0.0299595900974925
2208.89950681319,0.252623289526497,0.232641675566339,0.233583448512175,0.281151586394988
1768.49231375818,0.67747072217929,0.030463808340636,0.200243777426645,0.0918216920534288
753.771275538684,0.575115463789768,0.293174365613863,0.116563746320596,0.0151464242757731
2230.71361957756,0.387563350811521,0.466462010709061,0.128988516836135,0.0169861216432837
1548.1692559551,0.666187691351283,0.149767960015804,0.139355160513766,0.0446891881191469
701.277899694213,0.642324145965718,0.157475936121752,0.0200259915902655,0.180173926322264
743.650974106339,0.795798016236528,0.152277925046762,0.0462112887528298,0.00571276996387968
1492.82384615098,0.737443529864033,0.158689423904079,0.0390757441705138,0.0647913020613742
1949.01248654199,0.28555954476384,0.473465056439042,0.0172641393905969,0.223711259406521
2343.79526875965,0.281647257796548,0.519136716303894,0.0340496152417015,0.165166410657856
1882.67464600489,0.641731229567134,0.0101315664025841,0.0610943569275837,0.287042847102698
525.406949694924,0.768847796022866,0.172479267730225,0.0384160404131743,0.0202568958337352
1471.08246933627,0.521388580138414,0.27128303615202,0.042904773409507,0.164423610300059
2092.65198822488,0.36556032463107,0.451908128606708,0.0314607727105558,0.151070774051667
1837.10486963629,0.28067624940021,0.50790065882147,0.202789585080637,0.00863350669768259
2129.13438204905,0.334753253591235,0.41720102263508,0.0465725785009789,0.201473145272706
2379.27365881573,0.532160594366331,0.32805954440837,0.0279213949227456,0.111858466302553
1234.30182341168,0.436645361010662,0.166706875845519,0.0193926294915443,0.377255133652275
801.504269241228,0.389994380692703,0.3812907148868,0.00992577706963941,0.218789127350858
1205.23152458255,0.466004221272712,0.20131971718031,0.13841449208522,0.194261569461757
708.803768715555,0.672796707792283,0.0115461103566755,0.0784138036375204,0.237243378213521
1006.45940689092,0.36563553211295,0.303995636709088,0.297671388097627,0.0326974430803355
2110.5037929888,0.480422411601885,0.176184068496648,0.141627266851354,0.201766253050113
1109.48941681386,0.336137274894615,0.390510616893244,0.119205391034541,0.1541467171776
1904.10590432206,0.464212599930695,0.391341731181967,0.111833613472811,0.0326120554145271
889.857619883365,0.573395766152286,0.243380389590469,0.0767615942017161,0.106462250055529
1039.0470076717,0.40552599793971,0.297011226440549,0.163562669623989,0.133900105995752
1786.13138848025,0.463356875154216,0.19779715771452,0.242220254664213,0.0966257124670504
1461.29886526626,0.48287546336891,0.0830555261453859,0.0647743885715301,0.369294621914174
1270.30023398077,0.564593479010685,0.137804122155436,0.0168841677021007,0.280718231131778
1715.6053932078,0.474129615176823,0.344676565434548,0.0560854941930438,0.125108325195586
1333.84670374563,0.786033439084414,0.0217428183880847,0.00471954547924586,0.187504197048256
600.158664212305,0.64881948350207,0.0824359250783089,0.104638116792947,0.164106474626674
1509.62898985872,0.409340045178235,0.0632339497655308,0.281182499956327,0.246243505099907
964.6247604603,0.394374829752942,0.236514625446044,0.112524192209865,0.256586352591149
910.147192760008,0.561093294876877,0.160896732188993,0.244688871248106,0.0333211016860231
659.621662468659,0.539316062124962,0.276692806488615,0.0805562041612284,0.103434927225195
612.901397077851,0.565910198603343,0.12217414524048,0.0504881090633181,0.261427547092859
953.952246211298,0.266952579883696,0.333023079164748,0.0570146116615709,0.343009729289984
2424.50794954191,0.619668845767232,0.0151172280401563,0.0779295204697817,0.28728440572283
2000.0025211101,0.647542810840199,0.0464238225716983,0.291901819872986,0.0141315467151166
1276.74562900908,0.447336231220985,0.318356717789733,0.0276880980753769,0.206618952913905
1087.95620722856,0.5693570904148,0.131698746411689,0.133782689263721,0.165161473909789
1764.92499859721,0.448742550100865,0.263233366451562,0.0416434123027082,0.246380671144865
1603.17594243234,0.670699592592353,0.167150605322139,0.028775833993468,0.13337396809204
1005.55319364014,0.251370395012932,0.522286167332726,0.214487065798889,0.0118563718554531
1293.84577820801,0.256231648473457,0.386985648831108,0.27504329401235,0.0817394086830852
671.244446662102,0.523272026474568,0.13952307696312,0.237364989527989,0.0998399070343225
1451.62468972571,0.261606715290743,0.372011824564621,0.195007548825124,0.171373911319511
663.892697042832,0.281137484752315,0.174792609803157,0.288905848205594,0.255164057238933
649.636691790999,0.268360946966181,0.413361202360275,0.239121626732777,0.0791562239407659
775.684925385404,0.598220963080785,0.188220848320708,0.132818564057214,0.0807396245412928
1402.79969234104,0.310213449833101,0.499699576869509,0.0249682251590983,0.165118748138291
1911.83192201137,0.452606733830792,0.391715039563843,0.142939126118642,0.0127391004867234
1852.71658375513,0.581804301930355,0.168830073345784,0.060595261482617,0.188770363241244
2432.8440132418,0.63686856208825,0.0429057170329172,0.294568290209981,0.0256574306688518
698.610855055651,0.570918169095261,0.0937264456540291,0.0690748923143003,0.26628049293641
1126.99151723677,0.408052572434952,0.0861106636949798,0.276972132513494,0.228864631356574
1540.05784330082,0.382069361859096,0.0223560200049671,0.248110288523956,0.347464329611981
1289.83654430438,0.506351427660969,0.20821477007695,0.189003503814735,0.0964302984473465
820.3165721568,0.625511005101647,0.0351382682695534,0.0252725006696957,0.314078225959104
2192.98039059447,0.711516195747608,0.0401282579799437,0.0360915854300865,0.212263960842362
827.499478539895,0.674623178385196,0.0635606300208388,0.0178607021567414,0.243955489437224
1534.54330390642,0.516364987320363,0.352701746962524,0.0622260894165405,0.0687071763005729
1084.4503553647,0.731995008915755,0.0703067512169222,0.104807305844203,0.0928909340231201
2343.21345333941,0.616825872274852,0.146167630664264,0.19159357981374,0.0454129172471446
1306.01103772366,0.474966222623323,0.389921454605013,0.0787566241784486,0.0563556985932151
2318.73513222196,0.449963144524941,0.266587795875484,0.103608985729592,0.179840073869983
1467.17608960039,0.302500965858679,0.208660472155911,0.1297646442961,0.35907391768931
1898.12904830333,0.464894890430699,0.187488680100464,0.297329652453172,0.0502867770156644
1807.91908184697,0.446762744489366,0.15047634402639,0.251624235681887,0.151136675802357
1974.65924934068,0.539084771690564,0.0343648986269653,0.0704249218439175,0.356125407838553
2337.93576208454,0.286432378551246,0.127173089550972,0.243597830558491,0.342796701339291
1261.55503376092,0.254260726779827,0.598049458974871,0.0413430592498696,0.106346754995432
1390.22189358959,0.475692515061759,0.113423426945085,0.0186166333924677,0.392267424600688
963.979110825215,0.463324545570922,0.0708617010583216,0.289267631601757,0.176546121768999
787.303402032636,0.378653844924037,0.336869540820892,0.0615460905774155,0.222930523677655
1979.70610725589,0.447657628072914,0.108904667507271,0.143364290205878,0.300073414213937
1265.88818104496,0.6450418464194,0.0422398796399314,0.0465553600058475,0.266162913934821
1307.95303692638,0.286438223234185,0.0922095373309791,0.228921198610502,0.392431040824334
701.890322549207,0.273941837779434,0.375130993598436,0.115521521513817,0.235405647108312
1456.2195065074,0.306696177628964,0.118591705741252,0.284747553905868,0.289964562723916
1365.58853745722,0.746361741858293,0.0323530977929937,0.0866833300865708,0.134601830262143
2242.46829293327,0.434644410519881,0.172555422190062,0.139003723465495,0.253796443824562
1993.99021411699,0.384376115792981,0.432403814814818,0.0974855207913092,0.0857345486008922
1293.28450828609,0.505703725958703,0.172415293982762,0.193244522964922,0.128636457093613
832.926081907644,0.344346699240572,0.350815187577983,0.141837431130844,0.163000682050601
740.680768029478,0.440933339901715,0.17974237819055,0.270528401205355,0.10879588070238
2261.40723999093,0.600526921363086,0.0191809360612364,0.268184111163682,0.112108031411995
666.715562929284,0.305743885938156,0.25579072534179,0.0428795389067346,0.39558584981332
1383.55309438615,0.309994820928723,0.413011572021887,0.211792734717371,0.0652008723320199
2049.6702756488,0.402325067317114,0.386813489854536,0.0376121875571134,0.173249255271236
2323.75464298559,0.713366740093266,0.00780130329499441,0.0245646081723295,0.25426734843941
2469.57438125471,0.499122501941495,0.168702202312748,0.113852345973771,0.218322949771986
891.53915249484,0.279508915187598,0.321654207433618,0.0460390229373858,0.352797854441398
1613.77294569478,0.748226699789798,0.0426052241916704,0.125407804103128,0.0837602719154031
1012.09549601463,0.298324364284603,0.149436410134493,0.251876833468964,0.300362392111939
1032.27326803531,0.827672983185336,0.119801457274436,0.0325451172238945,0.019980442316334
882.132566971947,0.636812913823024,0.089560837705918,0.193312850718145,0.0803133977529126
1749.36335402965,0.419768077042576,0.135668716475223,0.060588057432092,0.383975149050109
1689.25412844503,0.316947910978782,0.509467872001365,0.0241925594485531,0.1493916575713
1803.15086477332,0.421388369622716,0.0464606421388781,0.281526739476037,0.250624248762369
1065.33284409111,0.63010547005337,0.124562340912034,0.178120745743879,0.0672114432907169
1004.13594792302,0.481327494275708,0.0071834962838625,0.240835479172805,0.270653530267625
2409.34700016057,0.720624519643472,0.0120596565069708,0.0213423624361819,0.245973461413375
2268.7501639108,0.422372457935039,0.189037087475121,0.279982477587043,0.108607977002797
1425.1225035625,0.664850414736496,0.0302934396526201,0.266466384063892,0.0383897615469922
1230.21975526282,0.459705612323109,0.257070886434061,0.0293751005530218,0.253848400689808
778.847873523865,0.423726940192093,0.431249353767261,0.057566376781593,0.0874573292590533
2315.51044450868,0.250452805845637,0.488960911143025,0.197326509066729,0.0632597739446084
1935.75426109244,0.380815798800775,0.179703569897194,0.178748812453764,0.260731818848268
2241.35151526206,0.588339347230401,0.068171884168472,0.0370389413539407,0.306449827247186
631.915506673984,0.472676044685406,0.163560709458613,0.0654112472247893,0.298351998631192
1020.46134887729,0.697077852607686,0.0644775026085927,0.170057962082746,0.0683866827009753
1719.66683221721,0.49930201390757,0.028210726722786,0.226419038395348,0.246068220974296
2311.26797534163,0.371356068413025,0.15636965884138,0.174402536240151,0.297871736505445
2009.2330561671,0.783318347134929,0.135480499467042,0.0236057800746881,0.0575953733233405
1344.30529836514,0.396768702260325,0.322920941999551,0.130542282864725,0.149768072875399
1147.02907984685,0.437074496315396,0.0335373647276285,0.203366398425017,0.326021740531959
1315.99987933802,0.783412725486955,0.0280167390507237,0.153881434702347,0.0346891007599738
1528.80781051625,0.673157848701854,0.0349049221749796,0.0369571536143132,0.254980075508853
2363.91587113214,0.581290680249112,0.39516245044885,0.0172549277491607,0.00629194155287713
888.753600465166,0.452781428223624,0.0469743234144726,0.151017731403946,0.349226516957957
2138.81533138063,0.58748186042183,0.280801457606999,0.125547569111191,0.00616911285998043
740.264381974015,0.257093944634907,0.460535593433089,0.100683686221707,0.181686775710296
1894.93313428584,0.341560040716218,0.375279158952208,0.232015087966834,0.0511457123647402
2311.24884806193,0.565925445525186,0.05121672934738,0.20415613601852,0.178701689108915
1669.78884424591,0.378056980038476,0.294766268113736,0.0398440884921451,0.287332663355644
1060.03954724872,0.468830842605007,0.332147563650207,0.012766342690563,0.186255251054222
743.80049245447,0.728486842736933,0.0650701718758262,0.135301794537666,0.0711411908495745
525.728054130526,0.579464353282486,0.0537078299887422,0.286914290990108,0.0799135257386642
1801.55200840007,0.476857257568505,0.106213021970767,0.26661170851669,0.150318011944037
2352.79906075325,0.345915328886628,0.210988012592412,0.101866569834075,0.341230088686885
1435.06795520804,0.433885189482404,0.164369705738255,0.00499235303135246,0.396752751747989
1242.98692425865,0.250420829603518,0.236809841146385,0.182906787550081,0.329862541700016
764.892935719934,0.557069653353478,0.312838095519438,0.0797517403771994,0.0503405107498842
1114.92304888585,0.349088237937071,0.310462653952263,0.00367300631868624,0.33677610179198
2363.75169048078,0.581000181812924,0.00225286342146676,0.220585539043157,0.196161415722453
1235.62184635187,0.532833628696417,0.236689579221778,0.127038684509334,0.103438107572471
1318.59473493848,0.761257786570684,0.0642660394647493,0.104938628411479,0.069537545553087
2128.86081859981,0.503234697277302,0.330174624345911,0.15160818880311,0.0149824895736766
792.735611675953,0.576586810061916,0.119132276312909,0.0369150404465215,0.267365873178653
1032.75482198518,0.67922340202714,0.201017162108001,0.028314189523801,0.0914452463410571
2456.45386709009,0.266381232891874,0.418286135577236,0.260806251846293,0.0545263796845977
1334.46720014846,0.33536712536473,0.437394460169143,0.178936695195967,0.0483017192701589
2307.04136402689,0.625670737802904,0.0676899761418035,0.264207857793506,0.0424314282617857
2447.11232497828,0.320304637833201,0.544422590185181,0.0183849286967823,0.116887843284836
862.906449445621,0.565914915194569,0.132079325929348,0.214064769329331,0.087940989546752
1503.573366682,0.463879613107666,0.185138431001985,0.123574743007118,0.227407212883231
1156.14074716232,0.560927084914667,0.0666279979133085,0.249757182004153,0.122687735167871
1537.34299579975,0.500884135678546,0.318514695666373,0.116798012967221,0.0638031556878604
1596.72231648956,0.299525401255646,0.234470102159183,0.158580708050215,0.307423788534956
666.826858683374,0.262768379333786,0.317697766344953,0.13647015279104,0.283063701530221
1781.17991843917,0.608474313978228,0.154913429621284,0.184799060611256,0.0518131957892328
1520.37294272367,0.333488558961533,0.336268046663437,0.251555476789951,0.0786879175850794
1917.89020353035,0.321701317478677,0.219994072326881,0.0876074296999438,0.370697180494498
1954.9735878668,0.429735363387045,0.225053522842624,0.136962388172012,0.208248725598318
2469.62849924488,0.432881581005119,0.136661464864196,0.13999420480233,0.290462749328355
2059.76326930497,0.646358709448849,0.0591627949610793,0.286480337315055,0.00799815827501675
1773.1743559208,0.406474915155868,0.3434789709346,0.0929652715416715,0.157080842367861
1706.15972793555,0.348855424235512,0.124578244621294,0.192517007515322,0.334049323627872
2254.34340873192,0.376073329205074,0.341002919031007,0.0396022086884544,0.243321543075464
1196.7802943289,0.54800866030742,0.109875361786944,0.107456421448888,0.234659556456748
715.044022137683,0.666135067602062,0.201919547345891,0.0937513762598408,0.0381940087922068
2029.47096326949,0.379603226832314,0.335633075060928,0.0214452782102059,0.263318419896553
1024.86644902113,0.275163536564369,0.502418427330207,0.197873857194766,0.024544178910658
674.306748186395,0.376808610637247,0.186892299335386,0.262155065513791,0.174144024513576
651.071035026399,0.407564034298367,0.321971633828675,0.16606913772792,0.104395194145038
2385.6793715756,0.329294851227438,0.275912159494337,0.0711695189754427,0.323623470302782
653.087053712131,0.629641113694364,0.236658817872026,0.0372304723596164,0.0964695960739937
862.743207485831,0.257343971550119,0.518259691495763,0.140612782555034,0.0837835543990836
2169.3481652027,0.309552517248186,0.186350080435246,0.175635375004792,0.328462027311776
661.185241862818,0.473291090788326,0.16857445015355,0.0731877449352998,0.284946714122824
1857.26917615181,0.616665149695839,0.218914298825508,0.0916998494073971,0.0727207020712556
1645.01721065767,0.305889382729204,0.489457505416806,0.157791819282411,0.0468612925715793
2223.54621016014,0.634895479286377,0.0652429855735058,0.298508086938061,0.00135344820205579
1744.31570374161,0.516073222482979,0.0709039312382859,0.281495327596753,0.131527518681982
1663.56759766481,0.404803474063245,0.368166980375855,0.123767747240136,0.103261798320764
787.122599555586,0.495092277438255,0.11293969031649,0.0151293306177846,0.37683870162747
1881.43925308721,0.294913238391914,0.419065019345352,0.242681871407754,0.0433398708549806
687.517650944451,0.476285414899769,0.0335534942027705,0.142347234158358,0.347813856739102
912.756812626882,0.289684891862192,0.316057685355002,0.109099291363847,0.285158131418959
1863.46310537691,0.359948497386385,0.260998740471572,0.0829652904446274,0.296087471697416
1588.2199157043,0.334889874667516,0.474883203561198,0.0924360777120373,0.0977908440592487
569.227920856269,0.745975178673334,0.203302804853599,0.0461757888418815,0.0045462276311857
1788.07041952145,0.314650200636623,0.394350342607442,0.251166544150783,0.039832912605151
1232.68620123541,0.467204946336957,0.0187433647954766,0.116945944448826,0.397105744418741
2050.74100062578,0.307953150867866,0.390322655814117,0.0165177647225011,0.285206428595517
907.95710510329,0.401134499522712,0.194015398442496,0.155804895416058,0.249045206618734
2089.60428862623,0.656750830554801,0.018111971243403,0.0433877687472997,0.281749429454496
1039.80087288385,0.402629460481133,0.466175501838019,0.0382255038219787,0.0929695338588698
2161.58243283005,0.624097117937351,0.0020712482352605,0.282510408923058,0.0913212249043304
2494.5228023571,0.536054291861869,0.192764488927606,0.224424531006597,0.0467566882039287
1290.75231622306,0.43870121811709,0.176706958430923,0.0166629598857046,0.367928863566282
2299.2853141843,0.559315006373304,0.24024204034458,0.0515673009487358,0.148875652333381
664.501257823303,0.595403381782452,0.141326762531663,0.0821243740988236,0.181145481587061
1337.09880095524,0.259036333985365,0.473014527064008,0.0779411262597526,0.190008012690874
537.808485390226,0.477192418416456,0.352878852672776,0.0284008699531542,0.141527858957613
724.390981951222,0.451722933357128,0.017909707739355,0.27377249414017,0.256594864763347
2369.65375993859,0.534580909353597,0.425463813153482,0.0301899860080969,0.00976529148482391
810.013216460209,0.759150723638519,0.121385216039804,0.0180580022739779,0.101406058047698
566.86544798215,0.351067842441407,0.197641690014618,0.0983316159333409,0.352958851610635
700.394354986069,0.570127154908755,0.0628284413772437,0.16505633569867,0.201988068015332
703.513542343214,0.301663462061002,0.312818777876456,0.0249415039223446,0.360576256140198
868.88026324298,0.280163736034208,0.478409648978692,0.0648601631931157,0.176566451793984
1630.52321671284,0.364598361435328,0.366937973086647,0.100337834281593,0.168125831196431
2317.29386983312,0.298111793519381,0.149377095190695,0.162936634427902,0.389574476862022
2270.92440833746,0.516271902508692,0.0614074680871121,0.131898545990052,0.290422083414144
1986.3891955046,0.787316869428025,0.131877639892805,0.0625934219717203,0.0182120687074502
1389.36304275555,0.442319727499176,0.21672133875742,0.158660823414524,0.18229811032888
1162.02531986459,0.689389600673992,0.284804859632701,0.00114017503805691,0.0246653646552505
2391.3284207477,0.425445780959815,0.227425236366867,0.191112721674411,0.156016260998907
2196.62224804194,0.52883946803294,0.102730819497958,0.206427155275716,0.162002557193386
1552.43532434059,0.717915372639644,0.228414371810784,0.0202737593619615,0.0333964961876104
1750.1652174208,0.444880145924477,0.23568160866576,0.231871981086795,0.0875662643229682
1057.61740035033,0.556922082800003,0.0373088997486261,0.290871460906903,0.114897556544468
1391.97998518557,0.318079323701032,0.364165036636571,0.268991587793756,0.0487640518686409
1502.84876438032,0.424606265719523,0.455892910038657,0.00361768327639404,0.115883140965426
1272.69862550491,0.436307642576443,0.0447119071022209,0.126508119717431,0.392472330603905
1736.20218248584,0.323756257544929,0.569783716625901,0.0221566613106734,0.0843033645184963
864.958391805125,0.417349008748077,0.236002733303489,0.0159377286198292,0.330710529328605
717.437476635534,0.715027567186306,0.0602234216110291,0.0297492532987382,0.194999757903926
1243.5791666282,0.277938297713081,0.0997149720591658,0.280929443436439,0.341417286791314
2090.53366508688,0.438462171115659,0.112474195628391,0.114338817184538,0.334724816071412
726.886720440493,0.546978971877701,0.174866293880794,0.267130667001509,0.0110240672399959
1536.91976395182,0.361671603247948,0.458273346693073,0.135454414974243,0.044600635084737
2426.32491722396,0.308338343792101,0.523069668446871,0.0233443284091106,0.145247659351917
1405.90456425557,0.260298230764498,0.20182483065068,0.179382081604238,0.358494856980584
1566.43668231868,0.377021823916415,0.321054599420402,0.128873691969157,0.173049884694026
2066.76004104245,0.617235203160595,0.269530306651735,0.0916967391140395,0.0215377510736308
1802.77641402137,0.466159168737244,0.361537038654005,0.101141066140284,0.0711627264684664
536.834975427058,0.499432177365833,0.105064347703793,0.223539250120758,0.171964224809617
534.617765060974,0.459799521252361,0.0397683423410747,0.114888974564263,0.385543161842301
763.318515546305,0.786525986595535,0.04204037060551,0.0675610117721298,0.103872631026825
1975.48356684954,0.345862610349727,0.297146595493226,0.239502486202451,0.117488307954596
611.175984278382,0.44304080611814,0.401793130866616,0.1344825476531,0.0206835153621438
1528.98756724521,0.272644638484442,0.177803866786296,0.232586164185293,0.316965330543969
737.569700251522,0.578903233745082,0.239210310842442,0.0560210229252898,0.125865432487187
500.360487813104,0.278058291018457,0.245169967272777,0.226101270401318,0.250670471307448
2120.00129278887,0.385096263781516,0.368988957430503,0.171489893832091,0.0744248849558892
1231.66870265841,0.670505917756066,0.142231219565313,0.0143532081504656,0.172909654528156
928.581058540371,0.514199581292577,0.211823855714075,0.215410666959831,0.0585658960335162
1924.08537749449,0.416466588923938,0.331234863922689,0.13220768658416,0.120090860569212
1039.04281923048,0.647551578419949,0.0692756026520073,0.0722528606274793,0.210919958300564
2207.30316736336,0.478513311631584,0.246227434727172,0.0868036750101484,0.188455578631096
1054.03465406818,0.276105274730228,0.380249868230835,0.292623799551345,0.0510210574875916
2158.66086148418,0.459023611364015,0.279413550616292,0.223724050336712,0.0378387876829819
2395.41032383368,0.474095649139467,0.448978838834036,0.0706625273298927,0.00626298469660479
2480.47038050042,0.632684774789039,0.147807838710436,0.0125727319217112,0.206934654578814
2089.35736080925,0.471673610637578,0.196024531265142,0.0466024446680035,0.285699413429276
2327.13459431934,0.343866686784398,0.417384560810324,0.108832825627994,0.129915926777284
2004.0264602907,0.5701847207019,0.125032375910749,0.0100376813372998,0.294745222050051
2118.65702702203,0.449304389598138,0.125961939557435,0.159460248567783,0.265273422276644
1954.02894855273,0.362520314720575,0.471920726097532,0.0909783862609976,0.0745805729208948
519.361492813807,0.321079563936979,0.152551995746743,0.161699107790136,0.364669332526142
1626.2901600614,0.720133863714315,0.0268674090735233,0.155280921435403,0.0977178057767585
2208.15439964423,0.265510265970952,0.498036987770322,0.159148040525073,0.0773047057336534
2289.76588135311,0.337141781191172,0.507634661922682,0.154338550844601,0.00088500604154586
1035.6541787795,0.391140603745246,0.0954036966843999,0.185258763930233,0.328196935640121
2014.79622922862,0.642212474446931,0.0326952803795699,0.152334136454011,0.172758108719488
913.086325364377,0.395804196455567,0.066564452494964,0.22313851429002,0.31449283675945
1370.89162896605,0.313190440130042,0.305626657231388,0.109811889156124,0.271371013482447
2324.81695872356,0.280876318686441,0.408448604048161,0.20822090673775,0.102454170527648
1090.14783624226,0.60594576727439,0.133272010492155,0.0222364218462985,0.238545800387157
1261.17627232943,0.311272367192914,0.258720509303214,0.0363699800236755,0.393637143480196
